   |  0     1     2     3     4     5     6     7     8     9     
-----------------------------------------------------------------------------------------------------
0  |  0.0000 1.0000 1.4142 1.7321 2.0000 2.2361 2.4495 2.6458 2.8284 3.0000 
1  |  3.1623 3.3166 3.4641 3.6056 3.7417 3.8730 4.0000 4.1231 4.2426 4.3589 
2  |  4.4721 4.5826 4.6904 4.7958 4.8990 5.0000 5.0990 5.1962 5.2915 5.3852 
3  |  5.4772 5.5678 5.6569 5.7446 5.8310 5.9161 6.0000 6.0828 6.1644 6.2450 
4  |  6.3246 6.4031 6.4807 6.5574 6.6332 6.7082 6.7823 6.8557 6.9282 7.0000 
5  |  7.0711 7.1414 7.2111 7.2801 7.3485 7.4162 7.4833 7.5498 7.6158 7.6811 
6  |  7.7460 7.8102 7.8740 7.9373 8.0000 8.0623 8.1240 8.1854 8.2462 8.3066 
7  |  8.3666 8.4261 8.4853 8.5440 8.6023 8.6603 8.7178 8.7750 8.8318 8.8882 
8  |  8.9443 9.0000 9.0554 9.1104 9.1652 9.2195 9.2736 9.3274 9.3808 9.4340 
9  |  9.4868 9.5394 9.5917 9.6437 9.6954 9.7468 9.7980 9.8489 9.8995 9.9499 
